1 1 0
1 2 4727
1 3 1205
1 4 6363
1 5 3657
1 6 3130
1 7 2414
1 8 563
1 9 463
1 10 5654
1 11 1713
1 12 1604
1 13 2368
1 14 2201
1 15 1290
1 16 1004
1 17 3833
1 18 2258
1 19 3419
1 20 2267
1 21 2957
1 22 720
1 23 1700
1 24 5279
1 25 2578
1 26 6076
1 27 3465
1 28 2654
1 29 3625
1 30 3115
1 31 1574
1 32 3951
1 33 1748
1 34 2142
1 35 6755
1 36 2383
1 37 3306
1 38 1029
1 39 3530
1 40 825
1 41 2188
1 42 4820
1 43 3489
1 44 1947
1 45 6835
1 46 1542
1 47 2379
1 48 3744
2 1 4727
2 2 0
2 3 3588
2 4 2012
2 5 1842
2 6 6977
2 7 6501
2 8 5187
2 9 5028
2 10 2327
2 11 4148
2 12 4723
2 13 3635
2 14 3125
2 15 4907
2 16 3930
2 17 7463
2 18 6338
2 19 7243
2 20 5105
2 21 4043
2 22 4022
2 23 3677
2 24 2863
2 25 3106
2 26 1850
2 27 7173
2 28 6630
2 29 1204
2 30 6814
2 31 6001
2 32 3447
2 33 5253
2 34 2656
2 35 3123
2 36 6274
2 37 7183
2 38 5622
2 39 3085
2 40 4564
2 41 2756
2 42 1591
2 43 7027
2 44 6186
2 45 3472
2 46 5461
2 47 4390
2 48 2088
3 1 1205
3 2 3588
3 3 0
3 4 5163
3 5 2458
3 6 3678
3 7 3071
3 8 1742
3 9 1444
3 10 4462
3 11 1184
3 12 1520
3 13 1498
3 14 1103
3 15 1501
3 16 951
3 17 4298
3 18 2903
3 19 3967
3 20 2169
3 21 2209
3 22 652
3 23 828
3 24 4136
3 25 1518
3 26 4873
3 27 3954
3 28 3254
3 29 2446
3 30 3581
3 31 2441
3 32 2960
3 33 1966
3 34 950
3 35 5564
3 36 2916
3 37 3878
3 38 2035
3 39 2482
3 40 1027
3 41 1395
3 42 3617
3 43 3891
3 44 2686
3 45 5661
3 46 2023
3 47 1867
3 48 2560
4 1 6363
4 2 2012
4 3 5163
4 4 0
4 5 2799
4 6 8064
4 7 7727
4 8 6878
4 9 6581
4 10 1402
4 11 5366
4 12 5946
4 13 4679
4 14 4378
4 15 6225
4 16 5709
4 17 8417
4 18 7578
4 19 8296
4 20 6135
4 21 4802
4 22 5707
4 23 4982
4 24 2322
4 25 4178
4 26 320
4 27 8186
4 28 7800
4 29 2778
4 30 7859
4 31 7408
4 32 3763
4 33 6461
4 34 4223
4 35 1427
4 36 7451
4 37 8263
4 38 7131
4 39 3669
4 40 6011
4 41 4638
4 42 1681
4 43 7987
4 44 7502
4 45 1877
4 46 6758
4 47 5360
4 48 2844
5 1 3657
5 2 1842
5 3 2458
5 4 2799
5 5 0
5 6 5330
5 7 4946
5 8 4200
5 9 3824
5 10 2012
5 11 2573
5 12 3157
5 13 1924
5 14 1580
5 15 3427
5 16 3179
5 17 5749
5 18 4793
5 19 5577
5 20 3409
5 21 2223
5 22 3066
5 23 2185
5 24 1860
5 25 1401
5 26 2491
5 27 5486
5 28 5035
5 29 894
5 30 5141
5 31 4611
5 32 1669
5 33 3677
5 34 1590
5 35 3113
5 36 4682
5 37 5533
5 38 4352
5 39 1252
5 40 3227
5 41 2426
5 42 1169
5 43 5313
5 44 4706
5 45 3241
5 46 3962
5 47 2651
5 48 304
6 1 3130
6 2 6977
6 3 3678
6 4 8064
6 5 5330
6 6 0
6 7 743
6 8 3209
6 9 2670
6 10 6929
6 11 2831
6 12 2266
6 13 3407
6 14 3854
6 15 2178
6 16 4076
6 17 727
6 18 881
6 19 293
6 20 1930
6 21 3310
6 22 3672
6 23 3315
6 24 6199
6 25 3932
6 26 7745
6 27 365
6 28 482
6 29 5774
6 30 261
6 31 1659
6 32 4513
6 33 1746
6 34 4431
6 35 7910
6 36 769
6 37 207
6 38 2225
6 39 4435
6 40 2681
6 41 5053
6 42 6384
6 43 550
6 44 1224
6 45 7805
6 46 1670
6 47 2704
6 48 5230
7 1 2414
7 2 6501
7 3 3071
7 4 7727
7 5 4946
7 6 743
7 7 0
7 8 2468
7 9 1952
7 10 6673
7 11 2380
7 12 1795
7 13 3051
7 14 3405
7 15 1604
7 16 3382
7 17 1469
7 18 168
7 19 1020
7 20 1681
7 21 3110
7 22 2993
7 23 2827
7 24 6009
7 25 3552
7 26 7412
7 27 1104
7 28 267
7 29 5300
7 30 821
7 31 916
7 32 4348
7 33 1270
7 34 3890
7 35 7698
7 36 332
7 37 900
7 38 1484
7 39 4185
7 40 2049
7 41 4415
7 42 6051
7 43 1219
7 44 482
7 45 7635
7 46 1054
7 47 2432
7 48 4884
8 1 563
8 2 5187
8 3 1742
8 4 6878
8 5 4200
8 6 3209
8 7 2468
8 8 0
8 9 718
8 10 6203
8 11 2241
8 12 2051
8 13 2920
8 14 2762
8 15 1687
8 16 1304
8 17 3932
8 18 2331
8 19 3487
8 20 2669
8 21 3487
8 22 1175
8 23 2260
8 24 5840
8 25 3141
8 26 6596
8 27 3563
8 28 2728
8 29 4120
8 30 3240
8 31 1559
8 32 4507
8 33 2082
8 34 2658
8 35 7304
8 36 2512
8 37 3364
8 38 985
8 39 4091
8 40 1319
8 41 2544
8 42 5358
8 43 3632
8 44 1987
8 45 7391
8 46 1785
8 47 2879
8 48 4296
9 1 463
9 2 5028
9 3 1444
9 4 6581
9 5 3824
9 6 2670
9 7 1952
9 8 718
9 9 0
9 10 5789
9 11 1602
9 12 1343
9 13 2330
9 14 2291
9 15 970
9 16 1451
9 17 3376
9 18 1796
9 19 2959
9 20 1951
9 21 2835
9 22 1112
9 23 1725
9 24 5346
9 25 2628
9 26 6285
9 27 3007
9 28 2193
9 29 3889
9 30 2661
9 31 1122
9 32 3920
9 33 1372
9 34 2391
9 35 6883
9 36 1927
9 37 2845
9 38 611
9 39 3543
9 40 676
9 41 2590
9 42 4993
9 43 3039
9 44 1486
9 45 6934
9 46 1112
9 47 2196
9 48 3876
10 1 5654
10 2 2327
10 3 4462
10 4 1402
10 5 2012
10 6 6929
10 7 6673
10 8 6203
10 9 5789
10 10 0
10 11 4392
10 12 4947
10 13 3648
10 14 3501
10 15 5274
10 16 5183
10 17 7216
10 18 6535
10 19 7140
10 20 5022
10 21 3621
10 22 5077
10 23 4090
10 24 922
10 25 3207
10 26 1131
10 27 7014
10 28 6714
10 29 2437
10 30 6707
10 31 6477
10 32 2476
10 33 5432
10 34 3599
10 35 1102
10 36 6376
10 37 7121
10 38 6284
10 39 2497
10 40 5160
10 41 4318
10 42 937
10 43 6795
10 44 6507
10 45 1268
10 46 5773
10 47 4249
10 48 1914
11 1 1713
11 2 4148
11 3 1184
11 4 5366
11 5 2573
11 6 2831
11 7 2380
11 8 2241
11 9 1602
11 10 4392
11 11 0
11 12 586
11 13 766
11 14 1029
11 15 883
11 16 2040
11 17 3353
11 18 2224
11 19 3100
11 20 1049
11 21 1246
11 22 1625
11 23 503
11 24 3841
11 25 1196
11 26 5054
11 27 3042
11 28 2488
11 29 2945
11 30 2676
11 31 2087
11 32 2331
11 33 1114
11 34 1650
11 35 5459
11 36 2132
11 37 3037
11 38 1958
11 39 1997
11 40 931
11 41 2513
11 42 3701
11 43 2923
11 44 2137
11 45 5459
11 46 1394
11 47 711
11 48 2534
12 1 1604
12 2 4723
12 3 1520
12 4 5946
12 5 3157
12 6 2266
12 7 1795
12 8 2051
12 9 1343
12 10 4947
12 11 586
12 12 0
12 13 1299
12 14 1612
12 15 406
12 16 2208
12 17 2824
12 18 1639
12 19 2542
12 20 694
12 21 1586
12 22 1767
12 23 1050
12 24 4357
12 25 1770
12 26 5633
12 27 2498
12 28 1907
12 29 3520
12 30 2128
12 31 1558
12 32 2778
12 33 531
12 34 2171
12 35 6003
12 36 1552
12 37 2472
12 38 1538
12 39 2506
12 40 791
12 41 2912
12 42 4277
12 43 2403
12 44 1564
12 45 5983
12 46 827
12 47 892
12 48 3109
13 1 2368
13 2 3635
13 3 1498
13 4 4679
13 5 1924
13 6 3407
13 7 3051
13 8 2920
13 9 2330
13 10 3648
13 11 766
13 12 1299
13 13 0
13 14 646
13 15 1642
13 16 2446
13 17 3840
13 18 2905
13 19 3655
13 20 1488
13 21 730
13 22 2096
13 23 697
13 24 3076
13 25 533
13 26 4363
13 27 3567
13 28 3122
13 29 2453
13 30 3219
13 31 2842
13 32 1592
13 33 1791
13 34 1480
13 35 4706
13 36 2772
13 37 3610
13 38 2721
13 39 1232
13 40 1656
13 41 2550
13 42 3001
13 43 3403
13 44 2860
13 45 4697
13 46 2126
13 47 756
13 48 1836
14 1 2201
14 2 3125
14 3 1103
14 4 4378
14 5 1580
14 6 3854
14 7 3405
14 8 2762
14 9 2291
14 10 3501
14 11 1029
14 12 1612
14 13 646
14 14 0
14 15 1853
14 16 2026
14 17 4349
14 18 3247
14 19 4119
14 20 1997
14 21 1341
14 22 1753
14 23 606
14 24 3078
14 25 419
14 26 4070
14 27 4052
14 28 3517
14 29 1923
14 30 3690
14 31 3032
14 32 1866
14 33 2142
14 34 838
14 35 4593
14 36 3161
14 37 4060
14 38 2788
14 39 1380
14 40 1663
14 41 1932
14 42 2736
14 43 3915
14 44 3138
14 45 4647
14 46 2395
14 47 1351
14 48 1592
15 1 1290
15 2 4907
15 3 1501
15 4 6225
15 5 3427
15 6 2178
15 7 1604
15 8 1687
15 9 970
15 10 5274
15 11 883
15 12 406
15 13 1642
15 14 1853
15 15 0
15 16 2029
15 17 2803
15 18 1438
15 19 2466
15 20 986
15 21 1987
15 22 1593
15 23 1253
15 24 4716
15 25 2072
15 26 5915
15 27 2454
15 28 1764
15 29 3710
15 30 2082
15 31 1204
15 32 3164
15 33 497
15 34 2287
15 35 6342
15 36 1419
15 37 2379
15 38 1134
15 39 2867
15 40 554
15 41 2885
15 42 4569
15 43 2405
15 44 1289
15 45 6338
15 46 555
15 47 1297
15 48 3406
16 1 1004
16 2 3930
16 3 951
16 4 5709
16 5 3179
16 6 4076
16 7 3382
16 8 1304
16 9 1451
16 10 5183
16 11 2040
16 12 2208
16 13 2446
16 14 2026
16 15 2029
16 16 0
16 17 4759
16 18 3220
16 19 4368
16 20 2900
16 21 3151
16 22 442
16 23 1765
16 24 4960
16 25 2444
16 26 5443
16 27 4396
16 28 3610
16 29 2932
16 30 4034
16 31 2572
16 32 3891
16 33 2525
16 34 1590
16 35 6278
16 36 3313
16 37 4261
16 38 2033
16 39 3398
16 40 1476
16 41 1241
16 42 4287
16 43 4390
16 44 2928
16 45 6419
16 46 2428
16 47 2749
16 48 3337
17 1 3833
17 2 7463
17 3 4298
17 4 8417
17 5 5749
17 6 727
17 7 1469
17 8 3932
17 9 3376
17 10 7216
17 11 3353
17 12 2824
17 13 3840
17 14 4349
17 15 2803
17 16 4759
17 17 0
17 18 1601
17 19 477
17 20 2359
17 21 3617
17 22 4345
17 23 3851
17 24 6433
17 25 4372
17 26 8098
17 27 370
17 28 1206
17 29 6267
17 30 726
17 31 2384
17 32 4754
17 33 2335
17 34 4991
17 35 8148
17 36 1452
17 37 609
17 38 2949
17 39 4752
17 40 3331
17 41 5687
17 42 6746
17 43 437
17 44 1948
17 45 8005
17 46 2334
17 47 3098
17 48 5618
18 1 2258
18 2 6338
18 3 2903
18 4 7578
18 5 4793
18 6 881
18 7 168
18 8 2331
18 9 1796
18 10 6535
18 11 2224
18 12 1639
18 13 2905
18 14 3247
18 15 1438
18 16 3220
18 17 1601
18 18 0
18 19 1165
18 20 1563
18 21 2988
18 22 2829
18 23 2666
18 24 5882
18 25 3401
18 26 7263
18 27 1233
18 28 399
18 29 5138
18 30 923
18 31 794
18 32 4227
18 33 1117
18 34 3724
18 35 7565
18 36 286
18 37 1049
18 38 1348
18 39 4051
18 40 1881
18 41 4248
18 42 5903
18 43 1322
18 44 355
18 45 7508
18 46 887
18 47 2302
18 48 4736
19 1 3419
19 2 7243
19 3 3967
19 4 8296
19 5 5577
19 6 293
19 7 1020
19 8 3487
19 9 2959
19 10 7140
19 11 3100
19 12 2542
19 13 3655
19 14 4119
19 15 2466
19 16 4368
19 17 477
19 18 1165
19 19 0
19 20 2170
19 21 3520
19 22 3965
19 23 3588
19 24 6393
19 25 4183
19 26 7977
19 27 202
19 28 767
19 29 6041
19 30 438
19 31 1932
19 32 4706
19 33 2027
19 34 4711
19 35 8107
19 36 1061
19 37 132
19 38 2503
19 39 4652
19 40 2972
19 41 5344
19 42 6617
19 43 486
19 44 1501
19 45 7989
19 46 1962
19 47 2939
19 48 5469
20 1 2267
20 2 5105
20 3 2169
20 4 6135
20 5 3409
20 6 1930
20 7 1681
20 8 2669
20 9 1951
20 10 5022
20 11 1049
20 12 694
20 13 1488
20 14 1997
20 15 986
20 16 2900
20 17 2359
20 18 1563
20 19 2170
20 20 0
20 21 1430
20 22 2460
20 23 1547
20 24 4333
20 25 2019
20 26 5817
20 27 2079
20 28 1694
20 29 3910
20 30 1733
20 31 1813
20 32 2668
20 33 654
20 34 2694
20 35 6029
20 36 1366
20 37 2130
20 38 1991
20 39 2525
20 40 1474
20 41 3542
20 42 4455
20 43 1923
20 44 1641
20 45 5957
20 46 1071
20 47 777
20 48 3302
21 1 2957
21 2 4043
21 3 2209
21 4 4802
21 5 2223
21 6 3310
21 7 3110
21 8 3487
21 9 2835
21 10 3621
21 11 1246
21 12 1586
21 13 730
21 14 1341
21 15 1987
21 16 3151
21 17 3617
21 18 2988
21 19 3520
21 20 1430
21 21 0
21 22 2779
21 23 1387
21 24 2905
21 25 1062
21 26 4482
21 27 3398
21 28 3119
21 29 2922
21 30 3087
21 31 3115
21 32 1240
21 33 1953
21 34 2175
21 35 4607
21 36 2796
21 37 3501
21 38 3119
21 39 1136
21 40 2173
21 41 3268
21 42 3136
21 43 3189
21 44 3029
21 45 4527
21 46 2355
21 47 711
21 48 2042
22 1 720
22 2 4022
22 3 652
22 4 5707
22 5 3066
22 6 3672
22 7 2993
22 8 1175
22 9 1112
22 10 5077
22 11 1625
22 12 1767
22 13 2096
22 14 1753
22 15 1593
22 16 442
22 17 4345
22 18 2829
22 19 3965
22 20 2460
22 21 2779
22 22 0
22 23 1401
22 24 4781
22 25 2166
22 26 5427
22 27 3984
22 28 3212
22 29 2946
22 30 3620
22 31 2224
22 32 3603
22 33 2089
22 34 1496
22 35 6178
22 36 2906
22 37 3861
22 38 1719
22 39 3132
22 40 1040
22 41 1479
22 42 4211
22 43 3969
22 44 2553
22 45 6290
22 46 2012
22 47 2336
22 48 3189
23 1 1700
23 2 3677
23 3 828
23 4 4982
23 5 2185
23 6 3315
23 7 2827
23 8 2260
23 9 1725
23 10 4090
23 11 503
23 12 1050
23 13 697
23 14 606
23 15 1253
23 16 1765
23 17 3851
23 18 2666
23 19 3588
23 20 1547
23 21 1387
23 22 1401
23 23 0
23 24 3621
23 25 903
23 26 4675
23 27 3537
23 28 2954
23 29 2475
23 30 3169
23 31 2427
23 32 2254
23 33 1578
23 34 1148
23 35 5177
23 36 2598
23 37 3521
23 38 2194
23 39 1833
23 40 1074
23 41 2054
23 42 3340
23 43 3423
23 44 2541
23 45 5213
23 46 1801
23 47 1077
23 48 2190
24 1 5279
24 2 2863
24 3 4136
24 4 2322
24 5 1860
24 6 6199
24 7 6009
24 8 5840
24 9 5346
24 10 922
24 11 3841
24 12 4357
24 13 3076
24 14 3078
24 15 4716
24 16 4960
24 17 6433
24 18 5882
24 19 6393
24 20 4333
24 21 2905
24 22 4781
24 23 3621
24 24 0
24 25 2718
24 26 2042
24 27 6254
24 28 6024
24 29 2569
24 30 5966
24 31 5913
24 32 1687
24 33 4807
24 34 3384
24 35 1716
24 36 5699
24 37 6384
24 38 5787
24 39 1852
24 40 4687
24 41 4285
24 42 1272
24 43 6022
24 44 5892
24 45 1629
24 46 5178
24 47 3581
24 48 1639
25 1 2578
25 2 3106
25 3 1518
25 4 4178
25 5 1401
25 6 3932
25 7 3552
25 8 3141
25 9 2628
25 10 3207
25 11 1196
25 12 1770
25 13 533
25 14 419
25 15 2072
25 16 2444
25 17 4372
25 18 3401
25 19 4183
25 20 2019
25 21 1062
25 22 2166
25 23 903
25 24 2718
25 25 0
25 26 3864
25 27 4097
25 28 3635
25 29 1932
25 30 3748
25 31 3274
25 32 1448
25 33 2284
25 34 1164
25 35 4286
25 36 3283
25 37 4136
25 38 3086
25 39 967
25 40 1973
25 41 2285
25 42 2507
25 43 3935
25 44 3331
25 45 4312
25 46 2589
25 47 1284
25 48 1340
26 1 6076
26 2 1850
26 3 4873
26 4 320
26 5 2491
26 6 7745
26 7 7412
26 8 6596
26 9 6285
26 10 1131
26 11 5054
26 12 5633
26 13 4363
26 14 4070
26 15 5915
26 16 5443
26 17 8098
26 18 7263
26 19 7977
26 20 5817
26 21 4482
26 22 5427
26 23 4675
26 24 2042
26 25 3864
26 26 0
26 27 7866
26 28 7483
26 29 2515
26 30 7539
26 31 7101
26 32 3449
26 33 6146
26 34 3938
26 35 1375
26 36 7134
26 37 7944
26 38 6831
26 39 3349
26 40 5709
26 41 4397
26 42 1363
26 43 7667
26 44 7190
26 45 1798
26 46 6446
26 47 5041
26 48 2528
27 1 3465
27 2 7173
27 3 3954
27 4 8186
27 5 5486
27 6 365
27 7 1104
27 8 3563
27 9 3007
27 10 7014
27 11 3042
27 12 2498
27 13 3567
27 14 4052
27 15 2454
27 16 4396
27 17 370
27 18 1233
27 19 202
27 20 2079
27 21 3398
27 22 3984
27 23 3537
27 24 6254
27 25 4097
27 26 7866
27 27 0
27 28 839
27 29 5973
27 30 374
27 31 2019
27 32 4569
27 33 1996
27 34 4669
27 35 7970
27 36 1085
27 37 305
27 38 2581
27 39 4532
27 40 2976
27 41 5339
27 42 6509
27 43 287
27 44 1581
27 45 7844
27 46 1974
27 47 2838
27 48 5369
28 1 2654
28 2 6630
28 3 3254
28 4 7800
28 5 5035
28 6 482
28 7 267
28 8 2728
28 9 2193
28 10 6714
28 11 2488
28 12 1907
28 13 3122
28 14 3517
28 15 1764
28 16 3610
28 17 1206
28 18 399
28 19 767
28 20 1694
28 21 3119
28 22 3212
28 23 2954
28 24 6024
28 25 3635
28 26 7483
28 27 839
28 28 0
28 29 5427
28 30 558
28 31 1181
28 32 4349
28 33 1377
28 34 4044
28 35 7723
28 36 356
28 37 653
28 38 1744
28 39 4218
28 40 2241
28 41 4614
28 42 6121
28 43 955
28 44 743
28 45 7644
28 46 1231
28 47 2465
28 48 4957
29 1 3625
29 2 1204
29 3 2446
29 4 2778
29 5 894
29 6 5774
29 7 5300
29 8 4120
29 9 3889
29 10 2437
29 11 2945
29 12 3520
29 13 2453
29 14 1923
29 15 3710
29 16 2932
29 17 6267
29 18 5138
29 19 6041
29 20 3910
29 21 2922
29 22 2946
29 23 2475
29 24 2569
29 25 1932
29 26 2515
29 27 5973
29 28 5427
29 29 0
29 30 5612
29 31 4824
29 32 2550
29 33 4050
29 34 1498
29 35 3476
29 36 5071
29 37 5980
29 38 4470
29 39 2096
29 40 3388
29 41 1911
29 42 1501
29 43 5831
29 44 4994
29 45 3704
29 46 4264
29 47 3209
29 48 1196
30 1 3115
30 2 6814
30 3 3581
30 4 7859
30 5 5141
30 6 261
30 7 821
30 8 3240
30 9 2661
30 10 6707
30 11 2676
30 12 2128
30 13 3219
30 14 3690
30 15 2082
30 16 4034
30 17 726
30 18 923
30 19 438
30 20 1733
30 21 3087
30 22 3620
30 23 3169
30 24 5966
30 25 3748
30 26 7539
30 27 374
30 28 558
30 29 5612
30 30 0
30 31 1716
30 32 4280
30 33 1624
30 34 4298
30 35 7679
30 36 735
30 37 420
30 38 2263
30 39 4216
30 40 2606
30 41 4967
30 42 6179
30 43 400
30 44 1277
30 45 7567
30 46 1609
30 47 2501
30 48 5032
31 1 1574
31 2 6001
31 3 2441
31 4 7408
31 5 4611
31 6 1659
31 7 916
31 8 1559
31 9 1122
31 10 6477
31 11 2087
31 12 1558
31 13 2842
31 14 3032
31 15 1204
31 16 2572
31 17 2384
31 18 794
31 19 1932
31 20 1813
31 21 3115
31 22 2224
31 23 2427
31 24 5913
31 25 3274
31 26 7101
31 27 2019
31 28 1181
31 29 4824
31 30 1716
31 31 0
31 32 4330
31 33 1180
31 34 3346
31 35 7545
31 36 1023
31 37 1808
31 38 578
31 39 4062
31 40 1438
31 41 3693
31 42 5763
31 43 2115
31 44 440
31 45 7537
31 46 763
31 47 2404
31 48 4603
32 1 3951
32 2 3447
32 3 2960
32 4 3763
32 5 1669
32 6 4513
32 7 4348
32 8 4507
32 9 3920
32 10 2476
32 11 2331
32 12 2778
32 13 1592
32 14 1866
32 15 3164
32 16 3891
32 17 4754
32 18 4227
32 19 4706
32 20 2668
32 21 1240
32 22 3603
32 23 2254
32 24 1687
32 25 1448
32 26 3449
32 27 4569
32 28 4349
32 29 2550
32 30 4280
32 31 4330
32 32 0
32 33 3184
32 34 2510
32 35 3402
32 36 4031
32 37 4698
32 38 4281
32 39 533
32 40 3245
32 41 3612
32 42 2187
32 43 4339
32 44 4265
32 45 3296
32 46 3576
32 47 1941
32 48 1381
33 1 1748
33 2 5253
33 3 1966
33 4 6461
33 5 3677
33 6 1746
33 7 1270
33 8 2082
33 9 1372
33 10 5432
33 11 1114
33 12 531
33 13 1791
33 14 2142
33 15 497
33 16 2525
33 17 2335
33 18 1117
33 19 2027
33 20 654
33 21 1953
33 22 2089
33 23 1578
33 24 4807
33 25 2284
33 26 6146
33 27 1996
33 28 1377
33 29 4050
33 30 1624
33 31 1180
33 32 3184
33 33 0
33 34 2685
33 35 6475
33 36 1022
33 37 1952
33 38 1341
33 39 2963
33 40 1050
33 41 3358
33 42 4787
33 43 1926
33 44 1086
33 45 6436
33 46 422
33 47 1244
33 48 3619
34 1 2142
34 2 2656
34 3 950
34 4 4223
34 5 1590
34 6 4431
34 7 3890
34 8 2658
34 9 2391
34 10 3599
34 11 1650
34 12 2171
34 13 1480
34 14 838
34 15 2287
34 16 1590
34 17 4991
34 18 3724
34 19 4711
34 20 2694
34 21 2175
34 22 1496
34 23 1148
34 24 3384
34 25 1164
34 26 3938
34 27 4669
34 28 4044
34 29 1498
34 30 4298
34 31 3346
34 32 2510
34 33 2685
34 34 0
34 35 4697
34 36 3693
34 37 4636
34 38 2975
34 39 1981
34 40 1909
34 41 1124
34 42 2718
34 43 4565
34 44 3548
34 45 4830
34 46 2839
34 47 2140
34 48 1751
35 1 6755
35 2 3123
35 3 5564
35 4 1427
35 5 3113
35 6 7910
35 7 7698
35 8 7304
35 9 6883
35 10 1102
35 11 5459
35 12 6003
35 13 4706
35 14 4593
35 15 6342
35 16 6278
35 17 8148
35 18 7565
35 19 8107
35 20 6029
35 21 4607
35 22 6178
35 23 5177
35 24 1716
35 25 4286
35 26 1375
35 27 7970
35 28 7723
35 29 3476
35 30 7679
35 31 7545
35 32 3402
35 33 6475
35 34 4697
35 35 0
35 36 7393
35 37 8097
35 38 7370
35 39 3515
35 40 6249
35 41 5379
35 42 2001
35 43 7738
35 44 7556
35 45 461
35 46 6829
35 47 5267
35 48 3013
36 1 2383
36 2 6274
36 3 2916
36 4 7451
36 5 4682
36 6 769
36 7 332
36 8 2512
36 9 1927
36 10 6376
36 11 2132
36 12 1552
36 13 2772
36 14 3161
36 15 1419
36 16 3313
36 17 1452
36 18 286
36 19 1061
36 20 1366
36 21 2796
36 22 2906
36 23 2598
36 24 5699
36 25 3283
36 26 7134
36 27 1085
36 28 356
36 29 5071
36 30 735
36 31 1023
36 32 4031
36 33 1022
36 34 3693
36 35 7393
36 36 0
36 37 965
36 38 1542
36 39 3883
36 40 1913
36 41 4286
36 42 5772
36 43 1121
36 44 600
36 45 7322
36 46 902
36 47 2128
36 48 4608
37 1 3306
37 2 7183
37 3 3878
37 4 8263
37 5 5533
37 6 207
37 7 900
37 8 3364
37 9 2845
37 10 7121
37 11 3037
37 12 2472
37 13 3610
37 14 4060
37 15 2379
37 16 4261
37 17 609
37 18 1049
37 19 132
37 20 2130
37 21 3501
37 22 3861
37 23 3521
37 24 6384
37 25 4136
37 26 7944
37 27 305
37 28 653
37 29 5980
37 30 420
37 31 1808
37 32 4698
37 33 1952
37 34 4636
37 35 8097
37 36 965
37 37 0
37 38 2380
37 39 4629
37 40 2877
37 41 5250
37 42 6583
37 43 570
37 44 1380
37 45 7986
37 46 1866
37 47 2904
37 48 5432
38 1 1029
38 2 5622
38 3 2035
38 4 7131
38 5 4352
38 6 2225
38 7 1484
38 8 985
38 9 611
38 10 6284
38 11 1958
38 12 1538
38 13 2721
38 14 2788
38 15 1134
38 16 2033
38 17 2949
38 18 1348
38 19 2503
38 20 1991
38 21 3119
38 22 1719
38 23 2194
38 24 5787
38 25 3086
38 26 6831
38 27 2581
38 28 1744
38 29 4470
38 30 2263
38 31 578
38 32 4281
38 33 1341
38 34 2975
38 35 7370
38 36 1542
38 37 2380
38 38 0
38 39 3952
38 40 1127
38 41 3197
38 42 5518
38 43 2658
38 44 1002
38 45 7395
38 46 951
38 47 2429
38 48 4380
39 1 3530
39 2 3085
39 3 2482
39 4 3669
39 5 1252
39 6 4435
39 7 4185
39 8 4091
39 9 3543
39 10 2497
39 11 1997
39 12 2506
39 13 1232
39 14 1380
39 15 2867
39 16 3398
39 17 4752
39 18 4051
39 19 4652
39 20 2525
39 21 1136
39 22 3132
39 23 1833
39 24 1852
39 25 967
39 26 3349
39 27 4532
39 28 4218
39 29 2096
39 30 4216
39 31 4062
39 32 533
39 33 2963
39 34 1981
39 35 3515
39 36 3883
39 37 4629
39 38 3952
39 39 0
39 40 2873
39 41 3080
39 42 2012
39 43 4324
39 44 4046
39 45 3478
39 46 3328
39 47 1755
39 48 1000
40 1 825
40 2 4564
40 3 1027
40 4 6011
40 5 3227
40 6 2681
40 7 2049
40 8 1319
40 9 676
40 10 5160
40 11 931
40 12 791
40 13 1656
40 14 1663
40 15 554
40 16 1476
40 17 3331
40 18 1881
40 19 2972
40 20 1474
40 21 2173
40 22 1040
40 23 1074
40 24 4687
40 25 1973
40 26 5709
40 27 2976
40 28 2241
40 29 3388
40 30 2606
40 31 1438
40 32 3245
40 33 1050
40 34 1909
40 35 6249
40 36 1913
40 37 2877
40 38 1127
40 39 2873
40 40 0
40 41 2374
40 42 4392
40 43 2943
40 44 1659
40 45 6285
40 46 1012
40 47 1563
40 48 3254
41 1 2188
41 2 2756
41 3 1395
41 4 4638
41 5 2426
41 6 5053
41 7 4415
41 8 2544
41 9 2590
41 10 4318
41 11 2513
41 12 2912
41 13 2550
41 14 1932
41 15 2885
41 16 1241
41 17 5687
41 18 4248
41 19 5344
41 20 3542
41 21 3268
41 22 1479
41 23 2054
41 24 4285
41 25 2285
41 26 4397
41 27 5339
41 28 4614
41 29 1911
41 30 4967
41 31 3693
41 32 3612
41 33 3358
41 34 1124
41 35 5379
41 36 4286
41 37 5250
41 38 3197
41 39 3080
41 40 2374
41 41 0
41 42 3386
41 43 5284
41 44 3997
41 45 5585
41 46 3386
41 47 3125
41 48 2664
42 1 4820
42 2 1591
42 3 3617
42 4 1681
42 5 1169
42 6 6384
42 7 6051
42 8 5358
42 9 4993
42 10 937
42 11 3701
42 12 4277
42 13 3001
42 14 2736
42 15 4569
42 16 4287
42 17 6746
42 18 5903
42 19 6617
42 20 4455
42 21 3136
42 22 4211
42 23 3340
42 24 1272
42 25 2507
42 26 1363
42 27 6509
42 28 6121
42 29 1501
42 30 6179
42 31 5763
42 32 2187
42 33 4787
42 34 2718
42 35 2001
42 36 5772
42 37 6583
42 38 5518
42 39 2012
42 40 4392
42 41 3386
42 42 0
42 43 6314
42 44 5837
42 45 2205
42 46 5095
42 47 3680
42 48 1169
43 1 3489
43 2 7027
43 3 3891
43 4 7987
43 5 5313
43 6 550
43 7 1219
43 8 3632
43 9 3039
43 10 6795
43 11 2923
43 12 2403
43 13 3403
43 14 3915
43 15 2405
43 16 4390
43 17 437
43 18 1322
43 19 486
43 20 1923
43 21 3189
43 22 3969
43 23 3423
43 24 6022
43 25 3935
43 26 7667
43 27 287
43 28 955
43 29 5831
43 30 400
43 31 2115
43 32 4339
43 33 1926
43 34 4565
43 35 7738
43 36 1121
43 37 570
43 38 2658
43 39 4324
43 40 2943
43 41 5284
43 42 6314
43 43 0
43 44 1676
43 45 7603
43 46 1964
43 47 2662
43 48 5184
44 1 1947
44 2 6186
44 3 2686
44 4 7502
44 5 4706
44 6 1224
44 7 482
44 8 1987
44 9 1486
44 10 6507
44 11 2137
44 12 1564
44 13 2860
44 14 3138
44 15 1289
44 16 2928
44 17 1948
44 18 355
44 19 1501
44 20 1641
44 21 3029
44 22 2553
44 23 2541
44 24 5892
44 25 3331
44 26 7190
44 27 1581
44 28 743
44 29 4994
44 30 1277
44 31 440
44 32 4265
44 33 1086
44 34 3548
44 35 7556
44 36 600
44 37 1380
44 38 1002
44 39 4046
44 40 1659
44 41 3997
44 42 5837
44 43 1676
44 44 0
44 45 7521
44 46 744
44 47 2325
44 48 4670
45 1 6835
45 2 3472
45 3 5661
45 4 1877
45 5 3241
45 6 7805
45 7 7635
45 8 7391
45 9 6934
45 10 1268
45 11 5459
45 12 5983
45 13 4697
45 14 4647
45 15 6338
45 16 6419
45 17 8005
45 18 7508
45 19 7989
45 20 5957
45 21 4527
45 22 6290
45 23 5213
45 24 1629
45 25 4312
45 26 1798
45 27 7844
45 28 7644
45 29 3704
45 30 7567
45 31 7537
45 32 3296
45 33 6436
45 34 4830
45 35 461
45 36 7322
45 37 7986
45 38 7395
45 39 3478
45 40 6285
45 41 5585
45 42 2205
45 43 7603
45 44 7521
45 45 0
45 46 6805
45 47 5208
45 48 3102
46 1 1542
46 2 5461
46 3 2023
46 4 6758
46 5 3962
46 6 1670
46 7 1054
46 8 1785
46 9 1112
46 10 5773
46 11 1394
46 12 827
46 13 2126
46 14 2395
46 15 555
46 16 2428
46 17 2334
46 18 887
46 19 1962
46 20 1071
46 21 2355
46 22 2012
46 23 1801
46 24 5178
46 25 2589
46 26 6446
46 27 1974
46 28 1231
46 29 4264
46 30 1609
46 31 763
46 32 3576
46 33 422
46 34 2839
46 35 6829
46 36 902
46 37 1866
46 38 951
46 39 3328
46 40 1012
46 41 3386
46 42 5095
46 43 1964
46 44 744
46 45 6805
46 46 0
46 47 1644
46 48 3928
47 1 2379
47 2 4390
47 3 1867
47 4 5360
47 5 2651
47 6 2704
47 7 2432
47 8 2879
47 9 2196
47 10 4249
47 11 711
47 12 892
47 13 756
47 14 1351
47 15 1297
47 16 2749
47 17 3098
47 18 2302
47 19 2939
47 20 777
47 21 711
47 22 2336
47 23 1077
47 24 3581
47 25 1284
47 26 5041
47 27 2838
47 28 2465
47 29 3209
47 30 2501
47 31 2404
47 32 1941
47 33 1244
47 34 2140
47 35 5267
47 36 2128
47 37 2904
47 38 2429
47 39 1755
47 40 1563
47 41 3125
47 42 3680
47 43 2662
47 44 2325
47 45 5208
47 46 1644
47 47 0
47 48 2532
48 1 3744
48 2 2088
48 3 2560
48 4 2844
48 5 304
48 6 5230
48 7 4884
48 8 4296
48 9 3876
48 10 1914
48 11 2534
48 12 3109
48 13 1836
48 14 1592
48 15 3406
48 16 3337
48 17 5618
48 18 4736
48 19 5469
48 20 3302
48 21 2042
48 22 3189
48 23 2190
48 24 1639
48 25 1340
48 26 2528
48 27 5369
48 28 4957
48 29 1196
48 30 5032
48 31 4603
48 32 1381
48 33 3619
48 34 1751
48 35 3013
48 36 4608
48 37 5432
48 38 4380
48 39 1000
48 40 3254
48 41 2664
48 42 1169
48 43 5184
48 44 4670
48 45 3102
48 46 3928
48 47 2532
48 48 0
